100 0.000032 0.000038 0.000022 0.000043
400 0.000388 0.000490 0.000068 0.000461
700 0.001226 0.001384 0.000133 0.001328
1000 0.002361 0.002632 0.000178 0.002525
1500 0.004987 0.005538 0.000246 0.005186
2000 0.007352 0.007997 0.000283 0.007601
2500 0.010428 0.010975 0.000315 0.010554
3000 0.013369 0.014871 0.000370 0.014634
4000 0.023794 0.026499 0.000541 0.026109
5000 0.037279 0.041485 0.000639 0.040670
7000 0.072696 0.080822 0.000908 0.079253
10000 0.147532 0.164122 0.001333 0.161165
20000 0.589500 0.655383 0.002821 0.645619
35000 1.816456 2.002669 0.005076 1.959634
50000 3.680022 4.088476 0.007422 3.998243
